740 2716
740 6993
740 9928
740 8865
740 0249
740 1086
740 0103
740 4929
740 0391
740 2442
740 7591
740 4536
740 6647
740 4628
740 6593
740 6739
740 5215
740 4696
740 5712
740 9906
740 5235
740 1227
740 4915
740 2857
740 0159
740 9849
740 5341
740 1302
740 3752
740 2099
740 6122
740 0507
740 0963
740 7528
740 3060
740 9948
740 2990
740 5339
740 7802
740 9215
740 9317
740 8747
740 1627
740 3239
740 7708
740 0381
740 1816
740 8176
740 1171
740 0812
740 5093
740 2302
740 2756
740 6333
740 2914
740 6426
740 0006
740 2168
740 7849
740 4560
740 1805
740 1727
740 5978
740 3569
740 0072
740 3991
740 3935
740 0120
740 7736
740 6651
740 3656
740 6722
740 5649
740 2425
740 7121
740 7497
740 6398
740 8540
740 0730
740 7209
740 9889
740 0986
740 1197
740 5616
740 1352
740 7518
740 1169
740 2326
740 6360
740 3760
740 1804
740 3172
740 6488
740 2071
740 9514
740 3308
740 0843
740 2101
740 1813
740 0201
740 6656
740 3244
740 8656
740 7461
740 6289
740 6406
740 4003
740 5018
740 4518
740 7433
740 4444
740 3009
740 7369
740 3888
740 5225
740 8029
740 4942
740 5853
740 8460
740 1458
740 7831
740 3765
740 7148
740 7348
740 1600
740 4940
740 7752
740 0823
740 1577
740 5250
740 6625
740 1291
740 8561
740 6898
740 3802
740 9431
740 2136
740 8879
740 9284
740 9277
740 7822
740 2660
740 7695
740 5690
740 1638
740 5265
740 1331
740 0627
740 8369
740 6006
740 3711
740 4619
740 2052
740 5941
740 6968
740 3451
740 8424
740 0591
740 6025
740 3952
740 2246
740 7360
740 2380
740 5501
740 8294
740 4632
740 5491
740 9625
740 5162
740 8803
740 3576
740 9946
740 4676
740 9057
740 5784
740 2315
740 3230
740 4652
740 9386
740 8845
740 2798
740 7306
740 7704
740 0722
740 5221
740 9032
740 3743
740 2513
740 7120
740 8903
740 5200
740 3179
740 2478
740 1435
740 1494
740 1732
740 2155
740 3962
740 9774
740 8350
740 2986
740 5304
740 2676
740 1284
740 8196
740 5640
740 7840
740 7027
740 8972
740 1120
740 4581
740 8536
740 3222
740 5106
740 7894
740 7880
740 8760
740 2563
740 8337
740 8360
740 9658
740 8219
740 7851
740 1690
740 3475
740 2594
740 2348
740 5425
740 3810
740 6740
740 7215
740 3025
740 1514
740 5762
740 6920
740 2682
740 4912
740 6359
740 6213
740 8838
740 6959
740 7298
740 4620
740 2260
740 9816
740 0908
740 2841
740 8924
740 6667
740 4291
740 7189
740 1181
740 5460
740 3195
740 4571
740 6637
740 1452
740 7354
740 5795
740 6835
740 4049
740 0059
740 5695
740 4660
740 1880
740 7691
740 8404
740 7839
740 8524
740 7572
740 4528
740 5862
740 6164
740 8850
740 4539
740 9932
740 6017
740 6403
740 1477
740 3914
740 4601
740 4813
740 2297
740 5715
740 7827
740 5576
740 4765
740 5636
740 9449
740 1913
740 1238
740 0376
740 9562
740 4220
740 0197
740 8364
740 7290
740 0782
740 9161
740 5672
740 2239
740 8855
740 6760
740 1101
740 3235
740 8139
740 4265
740 9158
740 3477
740 5567
740 6443
740 4271
740 9145
740 5181
740 3111
740 8954
740 6589
740 5988
740 6981
740 1660
740 9352
740 1047
740 5886
740 0442
740 8319
740 5164
740 6554
740 2681
740 9837
740 2255
740 5677
740 4810
740 1081
740 1752
740 2208
740 6867
740 5861
740 5806
740 1682
740 3719
740 4000
740 8402
740 5446
740 8069
740 5851
740 6558
740 3353
740 1129
740 7592
740 8285
740 3395
740 2047
740 9922
740 8064
740 9888
740 3701
740 7962
740 8670
740 5260
740 6578
740 5112
740 9401
740 2214
740 5326
740 9719
740 0475
740 9544
740 4825
740 2753
740 1518
740 4530
740 8108
740 7091
740 8247
740 2683
740 3208
740 2558
740 1318
740 8504
740 6970
740 2670
740 2813
740 0397
740 1183
740 8528
740 1959
740 8806
740 6690
740 4374
740 0085
740 9920
740 7272
740 8732
740 8569
740 0870
740 4812
740 2567
740 6110
740 4018
740 1826
740 7719
740 8659
740 5229
740 0998
740 9332
740 9420
740 3251
740 8529
740 9524
740 6843
740 6525
740 1448
740 8947
740 7938
740 3871
740 4624
740 0500
740 8582
740 7636
740 1767
740 2370
740 4491
740 8791
740 1082
740 2812
740 4906
740 4636
740 0636
740 2580
740 9438
740 2476
740 2755
740 0997
740 6773
740 2804
740 2232
740 6054
740 4016
740 1554
740 0544
740 9293
740 2330
740 1362
740 6391
740 1986
740 3841
740 3297
740 4515
740 5787
740 1296
740 3751
740 1340
740 9724
740 3248
740 1356
740 5063
740 2137
740 1888
740 5850
740 7374
740 6358
740 6332
740 9501
740 1204
740 4194
740 3329
740 9511
740 3818
740 4541
740 9619
740 2512
740 1572
740 4115
740 9422
740 7987
740 9130
740 1214
740 3330
740 4074
740 0531
740 5472
740 0436
740 8087
740 5818
740 3542
740 7544
740 9214
740 3332
740 4526
740 6311
740 7343
740 5444
740 2729
740 8905
740 5217
740 6921
740 0680
740 0828
740 3889
740 7160
740 9484
740 2400
740 5269
740 3151
740 7738
740 0795
740 4602
740 9070
740 6750
740 4805
740 1264
740 1811
740 3411
740 2775
740 5684
740 1665
740 2463
740 6631
740 3324
740 6927
740 8544
740 0947
740 6408
740 9987
740 4785
740 6397
740 9556
740 5837
740 6210
740 3899
740 0448
740 4389
740 3336
740 8773
740 8267
740 4290
740 5833
740 4481
740 5128
740 0639
740 7543
740 6719
740 8770
740 6997
740 5610
740 2764
740 1799
740 6621
740 3906
740 9292
740 5789
740 3976
740 0657
740 9471
740 9796
740 5203
740 9048
740 5436
740 0035
740 3762
740 6664
740 5017
740 4371
740 4362
740 9432
740 1807
740 4104
740 0677
740 0669
740 6996
740 2564
740 6162
740 6792
740 6774
740 4697
740 7955
740 3681
740 0789
740 3364
740 0221
740 4797
740 7664
740 1836
740 6056
740 8261
740 1639
740 1154
740 0836
740 0637
740 4486
740 6738
740 3758
740 5206
740 3046
740 6789
740 7661
740 4706
740 2060
740 4403
740 4621
740 1039
740 4145
740 6438
740 0142
740 1369
740 6288
740 7346
740 3536
740 4955
740 7718
740 8329
740 2941
740 0624
740 9998
740 3290
740 6714
740 3876
740 9826
740 5872
740 9649
740 9323
740 7159
740 6704
740 0285
740 3660
740 9770
740 7729
740 4835
740 5957
740 0668
740 6780
740 9211
740 6799
740 5473
740 5949
740 4430
740 7020
740 3246
740 3698
740 0240
740 2731
740 6639
740 2834
740 1809
740 2663
740 9229
740 7113
740 2528
740 5961
740 7111
740 7598
740 1901
740 8091
740 1557
740 0761
740 8815
740 4583
740 9238
740 6407
740 5430
740 5710
740 9568
740 1080
740 8814
740 5320
740 7499
740 1294
740 3768
740 3927
740 7796
740 6189
740 0588
740 0367
740 2843
740 0363
740 3166
740 0810
740 8792
740 0222
740 8175
740 0323
740 9942
740 0384
740 2215
740 2860
740 1112
740 9240
740 0458
740 9366
740 7391
740 2040
740 9441
740 8716
740 6039
740 2878
740 7808
740 5377
740 5365
740 0426
740 4487
740 8733
740 7292
740 4355
740 6081
740 9047
740 9733
740 2904
740 9200
740 4084
740 3600
740 6757
740 1702
740 2106
740 8205
740 6752
740 3377
740 5753
740 8545
740 6876
740 9857
740 8512
740 7257
740 1502
740 5385
740 7500
740 2003
740 9472
740 9459
740 1947
740 3086
740 0334
740 3659
740 3305
740 8235
740 1916
740 6250
740 7826
740 8688
740 7494
740 8719
740 2082
740 8005
740 2651
740 7002
740 7072
740 9444
740 6016
740 5602
740 6222
740 3763
740 3791
740 7373
740 3970
740 7364
740 9740
740 9834
740 5167
740 7970
740 3530
740 0613
740 3716
740 5327
740 5781
740 3175
740 8012
740 4584
740 0305
740 2903
740 6624
740 9073
740 3465
740 3296
740 4392
740 8387
740 4419
740 2119
740 2383
740 2087
740 1957
740 3202
740 3039
740 3189
740 4563
740 0208
740 2871
740 2029
740 2078
740 3480
740 7620
740 3474
740 9506
740 0555
740 0145
740 9261
740 2016
740 2311
740 5257
740 6386
740 7047
740 4158
740 7102
740 8445
740 1449
740 5582
740 5386
740 6069
740 4217
740 4367
740 1288
740 2420
740 8675
740 4763
740 8031
740 9483
740 9251
740 2070
740 2689
740 5976
740 3827
740 6824
740 1719
740 8210
740 1476
740 5940
740 8720
740 1765
740 4302
740 2516
740 4654
740 7108
740 9075
740 8636
740 4546
740 8610
740 7152
740 2484
740 5507
740 2702
740 9290
740 8875
740 7438
740 3843
740 9820
740 2825
740 9274
740 9686
740 8414
740 5171
740 5717
740 7030
740 9496
740 8570
740 7546
740 8466
740 5081
740 4180
740 9505
740 7550
740 2728
740 8202
740 7836
740 1419
740 5278
740 9651
740 8927
740 8264
740 6982
740 6467
740 1486
740 5588
740 3455
740 2288
740 4742
740 0003
740 6370
740 4544
740 3158
740 6048
740 2362
740 9804
740 8944
740 1256
740 0685
740 1484
740 8122
740 9809
740 6541
740 7371
740 3712
740 8134
740 3958
740 6526
740 0790
740 9393
740 6220
740 6514
740 2343
740 7039
740 0413
740 2692
740 4270
740 6682
740 9581
740 8410
740 5566
740 3809
740 3833
740 5857
740 4178
740 5954
740 0808
740 4542
740 4768
740 2062
740 0140
740 7475
740 7511
740 4567
740 0414
740 2573
740 3607
740 2899
740 6381
740 1550
740 8862
740 0830
